32
46
0 47614 6
1 60190 8
2 26498 5
3 82972 5
4 14593 7
5 25473 9
6 98863 3
7 34444 9
8 32663 8
9 7269 7
10 38687 10
11 26479 7
12 19389 4
13 91834 5
14 76105 5
15 28394 8
16 63117 9
17 37665 8
18 8434 4
19 6732 6
20 16730 10
21 1757 8
22 93929 2
23 1768 8
24 48670 1
25 62915 8
26 30984 9
27 47728 3
28 63647 2
29 39390 3
30 22187 3
31 87010 5
32 95447 3
33 43545 10
34 32583 2
35 70142 5
36 24823 6
37 48310 5
38 19410 4
39 51222 2
40 60432 10
41 57527 9
42 55729 2
43 69993 8
44 92540 3
45 81028 2
2
8 13
3 11
7
22 8
20 10
29 0
3 27
37 24
4 35
16 32
7
19 22
29 20
4 34
45 14
13 4
35 10
4 45
10
22 15
27 18
6 20
25 0
29 32
21 4
20 35
23 44
12 36
17 43
