43
54
0 64995 5
1 38896 7
2 11718 7
3 62400 6
4 65631 3
5 69718 3
6 56817 7
7 4684 1
8 12531 1
9 15921 10
10 17391 9
11 72847 4
12 20755 7
13 22194 5
14 20759 6
15 88400 9
16 95396 5
17 5421 6
18 69191 2
19 8915 6
20 8735 5
21 50381 9
22 68724 6
23 94596 3
24 66143 2
25 14485 8
26 58005 5
27 47742 6
28 36282 8
29 52383 6
30 6227 7
31 44678 3
32 50018 1
33 22871 3
34 61220 1
35 45011 6
36 11767 7
37 43395 6
38 51329 1
39 70291 10
40 33499 4
41 75165 2
42 16232 2
43 78782 2
44 61472 2
45 24786 1
46 21310 8
47 50615 8
48 99172 8
49 34689 1
50 23098 7
51 27415 7
52 35009 7
53 57991 5
1
26 1
1
14 37
4
45 2
12 33
19 32
12 0
6
5 12
8 50
22 14
43 41
48 19
28 48
