26
40
0 80486 4
1 88409 5
2 67568 5
3 93219 5
4 82120 9
5 76619 6
6 30805 10
7 87033 7
8 2638 4
9 54417 6
10 93342 6
11 22869 4
12 28084 10
13 32163 8
14 64809 9
15 67198 1
16 80906 9
17 45105 1
18 2563 2
19 7021 4
20 74343 2
21 62109 6
22 69085 10
23 76754 10
24 91754 2
25 62273 5
26 89394 6
27 2860 10
28 22704 5
29 28586 8
30 97408 6
31 67904 2
32 35702 6
33 45780 4
34 54530 1
35 81003 2
36 54051 7
37 92039 9
38 25805 8
39 53195 9
1
11 21
9
8 18
22 23
14 10
37 2
3 6
33 24
0 14
4 14
6 17
10
4 38
7 25
29 13
10 4
6 7
8 34
14 28
18 7
10 20
2 22
6
2 38
26 18
16 14
18 32
23 36
20 27
