17
50
0 75663 9
1 69631 10
2 47830 3
3 24321 10
4 53947 2
5 4853 9
6 90738 8
7 67591 3
8 1090 6
9 92465 10
10 53574 7
11 20698 6
12 37335 4
13 46963 8
14 74482 2
15 89314 1
16 41706 5
17 69680 2
18 77400 10
19 36828 7
20 61973 5
21 88525 8
22 17638 6
23 18329 8
24 52663 9
25 83714 4
26 86599 5
27 2840 5
28 94031 2
29 12371 5
30 84370 2
31 29852 7
32 42756 5
33 49568 7
34 49504 7
35 90867 7
36 70031 2
37 98767 8
38 92901 1
39 73086 8
40 46926 2
41 54093 2
42 59555 9
43 11778 10
44 68594 5
45 71735 10
46 55117 1
47 67234 4
48 23090 7
49 24034 4
5
3 11
0 12
4 3
1 12
5 11
2
5 28
17 37
2
9 2
14 33
1
46 22
