6
59
0 29187 4
1 53927 1
2 77069 10
3 71493 1
4 45369 6
5 48954 2
6 8697 2
7 49821 9
8 99312 3
9 84618 7
10 41988 9
11 23193 4
12 57783 10
13 8819 2
14 89648 4
15 75237 3
16 35100 8
17 76603 3
18 42377 10
19 9877 10
20 43262 5
21 9301 2
22 7592 4
23 18400 3
24 70044 8
25 23598 5
26 54009 9
27 87284 4
28 75311 7
29 92370 10
30 66364 4
31 91968 9
32 72202 7
33 8902 2
34 20524 5
35 55878 10
36 42754 5
37 38683 9
38 23506 6
39 99089 2
40 53374 10
41 47329 3
42 33499 1
43 34383 3
44 8132 5
45 81272 2
46 94893 6
47 83589 2
48 17045 5
49 85129 3
50 96736 7
51 24450 7
52 81101 5
53 11873 10
54 54988 1
55 86812 10
56 80519 7
57 9922 7
58 55946 2
2
1 3
1 0
9
29 14
48 7
33 48
19 17
23 16
35 2
26 25
27 39
31 51
9
20 44
33 34
36 46
10 50
40 6
19 30
7 29
9 37
15 43
5
10 21
15 31
1 29
38 42
22 3
