10
80
0 1309 5
1 9338 4
2 5586 3
3 4017 2
4 4580 3
5 4496 5
6 5253 3
7 7549 3
8 9516 3
9 4372 2
10 3898 5
11 2538 3
12 9102 4
13 3772 2
14 9666 2
15 9345 2
16 5532 1
17 7727 1
18 2109 4
19 4404 5
20 3938 2
21 8448 1
22 1506 1
23 5778 4
24 1158 3
25 7825 5
26 5803 5
27 3506 4
28 3604 2
29 3239 4
30 5800 4
31 3238 1
32 1194 5
33 7605 3
34 2832 4
35 3598 5
36 1106 5
37 5068 3
38 4512 1
39 3642 3
40 7647 2
41 9713 2
42 6984 4
43 7829 5
44 2974 4
45 2571 2
46 4396 5
47 7088 4
48 9206 2
49 8352 2
50 5657 3
51 7081 1
52 1625 5
53 8518 1
54 8339 5
55 7712 1
56 3726 2
57 8200 1
58 9640 2
59 9479 1
60 9160 1
61 2265 1
62 1960 5
63 9727 4
64 2396 2
65 7746 3
66 3681 4
67 8654 3
68 2110 3
69 8547 4
70 3870 4
71 4888 4
72 8054 5
73 2395 4
74 8770 1
75 9744 2
76 8352 2
77 4013 4
78 4646 2
79 3688 3
2
8 5
6 1
76
4 14
12 43
43 71
60 38
32 20
75 15
40 12
77 74
71 69
21 31
0 36
24 72
34 75
31 0
42 57
29 34
17 35
50 12
20 70
79 40
4 50
45 19
40 47
47 40
50 5
70 12
5 59
17 21
11 30
74 26
4 8
21 20
71 3
18 13
9 77
6 51
77 60
65 32
40 38
38 6
67 32
15 61
23 4
1 17
21 49
55 63
79 77
47 64
26 38
79 70
53 22
49 34
71 56
14 18
14 32
23 45
70 59
49 54
26 21
18 62
53 9
20 52
59 9
32 66
0 61
40 25
40 11
65 35
45 67
61 30
73 48
39 45
68 61
51 10
68 9
59 42
14
48 19
73 35
41 57
76 30
33 59
51 20
8 12
58 79
45 17
34 68
65 70
44 15
1 30
17 30
69
63 31
6 41
10 67
66 9
65 10
66 73
53 48
15 20
78 70
15 75
38 14
59 17
1 78
45 46
23 25
1 73
68 7
25 21
57 8
12 68
68 39
43 8
31 42
55 47
32 40
42 10
11 44
7 79
57 36
56 69
16 54
54 7
59 61
61 60
34 60
0 6
15 48
45 8
49 19
28 31
54 23
69 17
74 30
75 38
26 78
11 35
78 72
13 45
2 23
32 1
13 55
11 12
36 72
21 0
68 35
68 26
65 16
7 11
75 65
50 60
67 11
0 72
71 67
64 37
27 50
49 15
0 71
25 56
5 77
