8
100
0 8767 1
1 9039 3
2 3298 2
3 1798 1
4 5972 5
5 7149 5
6 8789 4
7 9098 1
8 8203 4
9 7492 2
10 7946 1
11 9874 3
12 3512 5
13 9294 2
14 2860 1
15 9574 1
16 2413 3
17 4632 5
18 8478 4
19 5781 5
20 6691 5
21 4864 1
22 8539 5
23 1918 2
24 1599 1
25 1959 4
26 9856 3
27 7988 2
28 2038 5
29 9351 3
30 1062 2
31 5997 5
32 6381 2
33 2205 4
34 9402 3
35 8357 2
36 6837 2
37 5247 5
38 9476 4
39 7564 4
40 7855 3
41 7011 2
42 4357 5
43 6527 5
44 6042 3
45 5506 5
46 1276 2
47 5709 5
48 1631 2
49 9474 2
50 6181 4
51 6543 2
52 4388 1
53 8321 1
54 2095 4
55 4901 1
56 2531 1
57 9066 1
58 4196 3
59 1543 5
60 8853 2
61 3478 2
62 6713 1
63 7373 5
64 8899 3
65 8698 4
66 3134 4
67 3550 4
68 7605 2
69 3202 3
70 9370 2
71 6282 5
72 9391 2
73 8664 1
74 9639 1
75 3157 4
76 6767 1
77 7320 4
78 3487 2
79 5917 2
80 8389 1
81 3964 3
82 2664 3
83 7241 3
84 1543 2
85 4760 3
86 7174 2
87 2098 2
88 9372 2
89 9779 4
90 6488 2
91 3335 1
92 9410 3
93 9033 2
94 1482 4
95 3274 2
96 4540 3
97 1056 3
98 9609 1
99 9472 3
7
1 3
0 6
3 2
2 0
7 3
0 6
7 4
4
46 92
94 39
93 97
18 9
1
92 35
6
12 91
90 67
60 61
56 1
62 35
32 85
