8
100
0 8589 5
1 7298 5
2 3778 2
3 3571 4
4 9847 3
5 3838 4
6 1733 3
7 9817 3
8 5619 3
9 2682 5
10 5151 2
11 1526 5
12 3020 3
13 8820 4
14 6730 5
15 3118 1
16 1261 2
17 5963 3
18 7913 5
19 9550 1
20 1783 5
21 3133 3
22 6385 3
23 9532 2
24 4289 3
25 3573 3
26 8071 2
27 7174 4
28 5231 5
29 2152 5
30 7602 1
31 6024 2
32 6066 3
33 4565 3
34 7764 3
35 8902 2
36 9192 2
37 2861 3
38 5917 1
39 3181 4
40 5165 4
41 5564 5
42 6118 2
43 8165 4
44 5515 5
45 8306 5
46 5610 2
47 5300 4
48 5035 5
49 4363 3
50 1180 3
51 5039 3
52 9805 3
53 7993 3
54 3521 5
55 9281 1
56 1951 3
57 3047 1
58 3349 1
59 2327 3
60 9264 3
61 9910 3
62 7082 5
63 8424 2
64 4289 4
65 6151 5
66 3600 1
67 3312 3
68 1639 1
69 3699 3
70 5879 2
71 4774 5
72 4043 2
73 9964 5
74 1435 5
75 3826 4
76 3379 2
77 1369 2
78 7740 5
79 2522 1
80 5896 5
81 4343 4
82 8857 5
83 9587 4
84 3793 1
85 1752 3
86 2245 2
87 5644 5
88 2194 3
89 1655 4
90 8042 3
91 1321 4
92 8321 5
93 7545 3
94 8324 5
95 7817 2
96 1994 4
97 8979 1
98 4645 1
99 9266 2
3
4 2
0 2
0 4
1
68 87
6
34 84
39 16
21 93
64 32
65 9
63 7
5
33 34
82 28
97 3
69 61
32 29
