15
100
0 9456 1
1 1247 4
2 5683 3
3 3646 1
4 4545 5
5 4854 5
6 5592 5
7 6263 5
8 9422 5
9 9728 1
10 9519 1
11 5158 5
12 7509 2
13 6402 5
14 4348 3
15 4605 2
16 3703 1
17 5667 4
18 1684 1
19 3211 3
20 2828 3
21 9330 2
22 9738 1
23 3138 2
24 9742 4
25 8194 5
26 4017 1
27 7156 5
28 8782 1
29 8951 2
30 1816 2
31 4436 1
32 7783 4
33 7004 5
34 2497 1
35 7516 1
36 4076 1
37 8691 5
38 2753 3
39 1568 4
40 4765 2
41 3131 2
42 7383 1
43 3394 4
44 4149 2
45 8343 1
46 1593 4
47 6501 4
48 9041 5
49 2812 1
50 1156 5
51 4406 1
52 6930 3
53 8525 4
54 2376 1
55 7229 5
56 4141 4
57 6470 5
58 2369 5
59 6619 5
60 8026 5
61 9377 3
62 9752 2
63 8464 4
64 1238 2
65 3771 1
66 1224 4
67 2384 5
68 2282 2
69 3646 3
70 1066 1
71 9852 3
72 4333 4
73 7547 5
74 4245 2
75 7441 5
76 8944 3
77 4058 5
78 6421 3
79 2279 1
80 7975 1
81 1927 2
82 7766 5
83 2895 3
84 7676 3
85 8877 5
86 9861 4
87 2443 3
88 2922 1
89 2889 3
90 3376 2
91 4621 2
92 7181 3
93 9846 3
94 9533 4
95 7329 3
96 2387 1
97 3578 5
98 2738 1
99 6468 3
1
13 9
2
15 48
20 31
2
72 14
74 49
5
62 80
14 43
91 90
54 95
21 83
