11
100
0 1242 4
1 8502 1
2 1565 3
3 8264 4
4 1862 5
5 1009 4
6 4781 2
7 8048 1
8 8726 4
9 6839 5
10 6885 3
11 2026 4
12 7108 5
13 5086 5
14 9769 3
15 9083 5
16 3495 1
17 3548 1
18 6214 3
19 5508 1
20 2727 1
21 9608 5
22 4289 5
23 9387 4
24 5096 2
25 9508 2
26 8662 4
27 6075 2
28 6481 1
29 7669 5
30 3267 2
31 1817 5
32 7575 2
33 9778 1
34 5286 3
35 8044 4
36 3701 3
37 7754 4
38 2730 1
39 1060 1
40 4544 5
41 2836 5
42 2040 3
43 5279 1
44 7555 1
45 4938 4
46 8005 5
47 7888 2
48 4298 5
49 6667 5
50 5374 4
51 8706 3
52 1026 2
53 3195 2
54 5308 2
55 2256 2
56 5412 4
57 7955 4
58 4958 4
59 3018 2
60 4047 5
61 6629 2
62 6407 1
63 3293 2
64 7580 3
65 3092 3
66 7866 4
67 3339 4
68 6753 3
69 7302 2
70 8184 5
71 6935 2
72 4016 1
73 3665 2
74 8057 4
75 6660 1
76 3254 2
77 6448 5
78 5618 5
79 1492 1
80 6847 1
81 7874 1
82 8102 5
83 8772 5
84 3509 3
85 8094 3
86 1969 5
87 7413 5
88 2892 4
89 2858 3
90 8674 5
91 8610 1
92 4192 4
93 9470 3
94 9924 2
95 9485 2
96 7604 3
97 8009 5
98 6149 5
99 5741 5
6
10 5
3 5
2 0
6 5
2 1
2 1
2
26 35
91 85
6
59 55
44 96
92 20
61 16
53 50
20 67
1
36 35
