18
100
0 8484 5
1 8435 5
2 9815 3
3 7395 5
4 1838 2
5 2862 3
6 2541 1
7 1129 4
8 5350 4
9 8637 1
10 4130 2
11 2059 2
12 9905 2
13 1668 3
14 5968 5
15 6178 1
16 9311 2
17 7583 5
18 9831 2
19 5191 3
20 9371 3
21 7802 1
22 1515 4
23 4490 3
24 3248 4
25 6243 2
26 4725 3
27 4928 5
28 4036 5
29 1293 5
30 8791 5
31 2748 2
32 9513 2
33 6016 2
34 1564 4
35 2118 5
36 3916 3
37 7229 4
38 4604 2
39 2930 2
40 9965 1
41 5176 4
42 4990 3
43 1350 5
44 6934 1
45 8164 3
46 2688 2
47 2965 3
48 1631 1
49 7582 1
50 1922 3
51 5227 5
52 2096 5
53 9138 1
54 5553 5
55 5209 4
56 8481 2
57 5581 3
58 6296 1
59 4314 2
60 2384 4
61 6168 1
62 5333 3
63 9644 4
64 1393 2
65 6593 5
66 2544 5
67 6027 2
68 1232 4
69 2796 2
70 7831 2
71 2952 3
72 4810 1
73 8397 2
74 1615 2
75 7172 5
76 8155 4
77 4493 5
78 6459 4
79 2805 4
80 8794 5
81 7909 5
82 4727 5
83 4671 1
84 1508 4
85 3630 3
86 2988 4
87 8958 1
88 5053 1
89 2507 4
90 1860 3
91 5713 1
92 6521 2
93 9674 5
94 9720 3
95 4611 4
96 4599 3
97 2160 1
98 3744 2
99 6756 2
10
11 2
17 5
10 8
16 5
16 14
2 9
5 6
16 17
14 2
3 14
5
75 44
58 11
52 20
26 55
98 81
3
28 2
82 43
90 43
4
23 16
39 51
65 37
83 36
