29
100
0 2665 3
1 5028 2
2 3197 1
3 1476 2
4 2232 5
5 7947 5
6 2697 5
7 4856 1
8 5455 2
9 4854 4
10 8399 5
11 1716 4
12 2785 1
13 9406 4
14 4755 1
15 8127 4
16 3669 1
17 2170 5
18 2620 4
19 2214 5
20 9392 5
21 1776 5
22 8643 3
23 8622 2
24 9407 1
25 6966 5
26 5387 3
27 6222 5
28 4729 4
29 6138 2
30 9266 5
31 4686 1
32 5216 2
33 9045 3
34 2523 2
35 2138 1
36 7144 5
37 6005 5
38 5571 3
39 8881 1
40 6492 3
41 2698 5
42 9453 3
43 3064 1
44 3617 3
45 4491 3
46 9352 5
47 5249 3
48 3229 3
49 6396 2
50 8461 4
51 9316 4
52 6807 4
53 1861 4
54 7958 3
55 4925 3
56 1365 5
57 2960 1
58 3192 4
59 9101 3
60 1928 1
61 7451 1
62 1955 5
63 2925 4
64 8089 3
65 8772 2
66 3052 4
67 6616 3
68 1191 1
69 4476 2
70 1284 1
71 4127 1
72 4844 2
73 4339 1
74 6306 5
75 4592 2
76 8475 5
77 4293 4
78 6864 1
79 9424 2
80 4262 4
81 2146 5
82 1072 5
83 1805 5
84 9234 5
85 2502 1
86 9376 2
87 9563 2
88 2602 5
89 9301 4
90 2712 5
91 7427 4
92 1735 5
93 8327 5
94 6731 3
95 5413 1
96 4042 4
97 3516 3
98 3814 1
99 7608 3
13
26 24
10 9
8 13
16 23
8 20
16 10
1 20
24 20
15 8
19 2
18 9
20 25
15 19
2
10 74
80 78
5
25 95
58 51
62 47
89 8
58 85
5
83 45
12 39
29 58
97 20
41 37
