28
100
0 8686 4
1 7414 2
2 7564 5
3 2286 1
4 7667 5
5 1488 1
6 4167 1
7 3175 5
8 1175 3
9 6443 2
10 9767 4
11 4449 2
12 5755 2
13 2479 5
14 9925 2
15 9037 2
16 4358 2
17 5442 1
18 4888 5
19 1172 2
20 2866 4
21 9134 4
22 5448 1
23 9455 3
24 5967 4
25 8005 5
26 3419 3
27 9960 4
28 9619 4
29 3924 3
30 7973 4
31 9700 1
32 8555 4
33 1170 2
34 7461 4
35 4185 4
36 4740 5
37 7017 5
38 3882 2
39 3950 1
40 1392 5
41 7377 4
42 3138 5
43 6786 3
44 4154 1
45 1420 5
46 9728 3
47 5272 5
48 2014 4
49 9978 1
50 9547 4
51 5092 5
52 6903 5
53 4406 2
54 6669 5
55 2377 1
56 7341 5
57 3741 3
58 3410 2
59 7468 1
60 6353 5
61 6715 4
62 8646 1
63 9952 5
64 8226 3
65 1620 5
66 2016 3
67 7205 2
68 3735 3
69 2442 4
70 9515 2
71 9652 3
72 6258 3
73 5926 3
74 9410 3
75 5655 5
76 3440 3
77 9363 2
78 3625 2
79 4586 3
80 8820 1
81 3248 2
82 1435 4
83 2364 2
84 2043 3
85 6008 2
86 3032 4
87 5469 3
88 3023 1
89 9917 5
90 4520 3
91 3155 2
92 9554 2
93 5727 4
94 6272 4
95 4292 1
96 6879 3
97 9352 5
98 6665 4
99 8360 2
4
24 26
24 19
11 14
6 24
5
33 11
82 62
27 37
47 38
29 50
1
59 82
6
59 81
6 3
12 49
73 24
35 48
77 4
