10
90
0 7578 2
1 1423 5
2 3524 4
3 2391 4
4 9753 5
5 7172 5
6 2011 1
7 9018 5
8 9501 4
9 6923 5
10 5756 2
11 8767 3
12 3306 2
13 1432 1
14 2363 4
15 6578 1
16 9215 3
17 2582 5
18 7294 3
19 2544 2
20 2083 5
21 7909 2
22 5872 4
23 7185 2
24 3627 5
25 6390 2
26 8490 2
27 4565 1
28 9125 4
29 4109 1
30 8857 2
31 9691 1
32 1484 3
33 3509 1
34 1404 1
35 8445 1
36 7269 3
37 6351 5
38 2226 5
39 5582 5
40 7591 2
41 4711 2
42 9521 1
43 2038 1
44 8161 2
45 3421 2
46 3029 1
47 9423 2
48 8997 2
49 5050 2
50 4720 5
51 1869 4
52 5154 1
53 8039 5
54 7653 2
55 1188 5
56 1702 2
57 2389 3
58 1095 2
59 3234 1
60 1168 3
61 7550 2
62 1516 4
63 5578 2
64 5553 1
65 4424 1
66 6150 3
67 6041 1
68 5796 5
69 4884 3
70 7318 2
71 4411 5
72 2123 1
73 9187 5
74 7798 2
75 6479 4
76 8661 2
77 9936 5
78 4656 5
79 9589 5
80 5812 1
81 5627 4
82 7880 4
83 4094 5
84 1913 3
85 4059 2
86 7753 2
87 3966 5
88 6210 3
89 2257 1
8
8 6
5 9
7 3
4 5
6 0
2 4
0 1
9 5
31
5 4
6 79
15 68
67 83
10 54
1 65
34 72
8 31
54 83
86 72
6 82
67 46
49 9
46 37
45 7
73 45
83 68
62 57
48 22
8 66
30 81
42 48
2 70
89 12
78 62
22 46
89 17
9 49
75 13
22 65
83 75
83
38 0
63 48
50 38
52 16
40 84
15 3
83 48
47 88
5 9
52 7
80 81
8 6
61 56
60 13
39 4
53 60
14 73
50 28
5 44
37 79
42 1
47 42
26 81
49 68
3 58
78 81
64 56
40 35
74 15
6 31
1 75
16 54
59 35
78 10
65 54
11 31
78 33
47 78
87 61
14 47
71 6
81 43
64 52
25 9
40 80
59 1
67 10
59 63
25 14
16 29
56 25
18 79
1 86
49 59
68 62
63 32
80 38
4 12
34 25
55 49
0 28
83 66
40 29
35 1
8 57
57 26
57 67
1 78
15 3
24 16
86 79
47 88
67 10
83 78
30 84
85 59
38 6
39 52
40 42
89 69
88 76
14 17
12 40
41
63 75
35 24
4 57
22 31
11 19
63 8
18 72
79 24
14 0
71 75
75 25
43 75
43 30
7 76
14 27
35 52
44 79
16 87
23 67
7 59
48 36
69 86
15 35
83 25
84 82
11 10
35 5
9 87
76 40
81 4
88 6
79 31
60 4
71 65
25 79
35 63
70 58
15 80
77 49
9 82
67 50
