27
100
0 9040 3
1 4877 2
2 3254 3
3 2389 4
4 9726 3
5 3767 4
6 6958 5
7 1925 4
8 8084 4
9 7950 4
10 7834 4
11 4095 1
12 2751 2
13 6185 1
14 5704 2
15 6539 3
16 5193 5
17 4347 3
18 8021 1
19 1354 3
20 9836 5
21 9304 3
22 3069 4
23 2836 5
24 6248 2
25 8370 5
26 4777 4
27 5526 1
28 7876 3
29 2985 4
30 1299 5
31 3757 1
32 5398 2
33 3243 1
34 9128 5
35 2170 1
36 4243 1
37 1211 3
38 4045 1
39 3240 3
40 9152 3
41 7222 1
42 5922 1
43 9336 2
44 5064 1
45 1007 5
46 2814 3
47 6611 5
48 5669 1
49 8167 2
50 7844 2
51 8484 1
52 4046 4
53 6873 5
54 4310 2
55 9586 2
56 4512 5
57 8138 1
58 4088 2
59 5694 5
60 8225 3
61 7932 2
62 5062 2
63 3442 3
64 7210 1
65 9444 3
66 9057 1
67 1236 2
68 6232 5
69 3268 1
70 9420 1
71 2036 4
72 6907 5
73 6089 3
74 9421 2
75 3454 5
76 5021 2
77 1627 2
78 7059 3
79 7075 1
80 8875 4
81 4857 5
82 8975 4
83 5742 5
84 7710 5
85 2686 3
86 8068 1
87 7893 1
88 6862 2
89 2589 3
90 9811 3
91 5792 1
92 4598 3
93 8182 4
94 6231 2
95 2428 4
96 4340 3
97 3109 1
98 6569 4
99 7593 4
5
19 24
8 12
26 23
14 20
21 26
4
70 36
14 86
26 4
96 85
3
98 76
3 33
93 43
2
77 0
60 12
