24
100
0 2685 1
1 2061 4
2 3241 3
3 3795 3
4 5295 2
5 3276 2
6 9185 2
7 6150 5
8 1987 4
9 7551 4
10 6843 3
11 9707 3
12 1443 3
13 2642 1
14 9110 2
15 1072 4
16 4303 1
17 3751 5
18 2692 2
19 4133 5
20 8710 2
21 8118 1
22 2792 3
23 7590 5
24 2650 2
25 1311 5
26 2075 5
27 8882 3
28 2393 5
29 2576 1
30 5027 5
31 3001 1
32 1476 1
33 6994 1
34 7056 1
35 2407 4
36 6879 5
37 4931 4
38 4554 2
39 4649 1
40 8967 2
41 3398 4
42 9562 1
43 5171 2
44 1358 1
45 6796 2
46 8055 4
47 5531 1
48 9368 1
49 6755 4
50 5875 5
51 7379 5
52 7886 5
53 8644 2
54 1653 5
55 9860 3
56 4712 3
57 3766 3
58 6542 5
59 1091 4
60 3869 2
61 4016 5
62 3078 2
63 4728 5
64 3455 2
65 3956 3
66 7764 1
67 4836 1
68 1014 3
69 1548 3
70 3017 1
71 3749 3
72 4137 2
73 7915 2
74 8957 3
75 8648 2
76 5494 2
77 1823 2
78 9783 3
79 7164 4
80 8255 2
81 1319 4
82 8374 5
83 9109 4
84 3502 1
85 8401 2
86 5192 4
87 2247 1
88 8831 1
89 8758 1
90 2243 3
91 2295 2
92 5744 1
93 8130 3
94 5947 2
95 4193 3
96 8537 4
97 2315 1
98 8071 2
99 8949 4
21
6 18
9 13
16 23
21 18
23 4
6 7
9 0
0 21
21 8
20 10
9 17
21 18
23 3
14 22
3 0
11 0
5 12
9 15
8 7
7 9
7 20
6
9 68
55 13
67 70
76 78
89 56
68 81
4
1 49
88 60
77 31
49 58
2
63 28
80 10
