33
100
0 4884 1
1 9190 4
2 5939 2
3 6802 1
4 1418 3
5 2574 5
6 5658 4
7 1676 4
8 2652 3
9 8462 3
10 1445 3
11 6239 4
12 2481 3
13 5276 2
14 1556 2
15 1641 3
16 4776 4
17 4056 1
18 3811 2
19 3895 2
20 7108 1
21 5411 5
22 6642 5
23 7418 2
24 1955 5
25 7992 2
26 4335 1
27 9605 3
28 8468 1
29 4206 1
30 2859 2
31 6074 5
32 8343 3
33 5620 3
34 7020 2
35 9147 3
36 7058 2
37 7400 3
38 8564 2
39 3015 5
40 7957 1
41 5987 2
42 9231 5
43 4175 3
44 2728 1
45 2678 2
46 8413 1
47 3162 3
48 7548 1
49 9397 2
50 8025 5
51 3047 4
52 8274 2
53 7729 3
54 4383 4
55 7444 4
56 7282 2
57 4193 4
58 9647 4
59 2680 2
60 9298 5
61 3315 3
62 6456 4
63 5223 3
64 3088 4
65 9591 3
66 7110 2
67 3227 1
68 8968 1
69 3889 1
70 1035 1
71 2236 1
72 6264 2
73 2145 5
74 3966 2
75 5355 4
76 5016 4
77 3060 4
78 4432 5
79 3789 2
80 5672 5
81 1909 2
82 7809 5
83 5507 3
84 7790 4
85 1255 4
86 4455 4
87 2031 1
88 8368 2
89 7279 3
90 3586 5
91 7573 4
92 3858 3
93 4520 2
94 8657 5
95 2213 1
96 9901 3
97 2141 1
98 8101 5
99 8694 5
27
24 25
16 14
16 28
10 24
31 11
1 28
1 30
10 18
21 0
28 8
24 30
24 26
13 23
19 14
15 6
5 15
3 23
18 30
3 22
8 27
8 25
29 19
25 6
20 6
3 29
31 23
9 20
6
63 28
92 59
75 81
93 41
19 3
83 43
4
98 43
57 87
29 52
32 71
5
11 91
89 70
32 67
1 70
57 83
