12
100
0 4149 1
1 8686 4
2 5844 2
3 9732 1
4 8184 4
5 4848 5
6 3718 5
7 9595 1
8 8959 3
9 7291 4
10 6255 5
11 4985 2
12 3275 2
13 4045 2
14 2500 2
15 1519 4
16 6297 4
17 4325 3
18 5314 5
19 7808 4
20 4710 2
21 1503 2
22 1920 5
23 2175 5
24 4313 2
25 3417 2
26 1121 1
27 2668 2
28 5482 5
29 2964 4
30 3573 5
31 1737 2
32 7022 2
33 9908 1
34 5150 3
35 3393 1
36 7690 5
37 7905 3
38 1223 5
39 2996 5
40 5546 5
41 5521 1
42 4460 3
43 4626 5
44 7820 1
45 5177 2
46 5740 4
47 3863 4
48 7242 3
49 6203 5
50 1023 1
51 9471 3
52 7880 5
53 8440 5
54 4764 4
55 9208 4
56 2019 3
57 7069 2
58 5686 3
59 2777 1
60 6145 3
61 4750 4
62 3663 4
63 3045 1
64 8062 5
65 1113 3
66 8896 5
67 4882 4
68 2648 2
69 8053 2
70 6495 2
71 3034 5
72 9168 2
73 6221 3
74 4740 4
75 8734 2
76 6822 4
77 8554 1
78 5745 1
79 1149 3
80 7609 4
81 5052 3
82 7339 1
83 6244 2
84 2130 3
85 1853 1
86 8772 2
87 4183 3
88 9750 4
89 7732 1
90 6645 4
91 9921 3
92 6771 1
93 3534 2
94 1426 4
95 8425 3
96 2955 4
97 7488 5
98 3804 2
99 9690 2
11
4 10
5 0
0 6
5 11
9 7
6 5
7 8
2 5
7 0
9 4
4 11
1
79 87
2
27 2
25 88
2
19 65
17 72
