23
100
0 3381 4
1 5220 5
2 5760 1
3 9194 2
4 8946 5
5 6614 3
6 2979 2
7 5307 2
8 1801 3
9 8001 2
10 3751 1
11 5531 2
12 8537 1
13 2170 2
14 9569 1
15 5072 3
16 4409 5
17 5097 3
18 4660 3
19 9767 1
20 2251 2
21 5332 5
22 9113 1
23 2961 3
24 5463 4
25 6980 2
26 1032 3
27 3451 5
28 8230 1
29 3304 5
30 8638 5
31 1976 5
32 3746 5
33 1293 2
34 9624 5
35 9703 4
36 5391 3
37 3504 3
38 2088 2
39 2617 3
40 4109 4
41 3993 5
42 5846 5
43 8987 1
44 9833 5
45 7241 5
46 6904 5
47 6054 5
48 3805 4
49 4582 2
50 4469 2
51 9372 4
52 8325 4
53 4556 1
54 4045 3
55 8024 5
56 9515 5
57 8861 5
58 3796 1
59 5802 2
60 6798 2
61 9410 3
62 8512 5
63 3622 4
64 9724 3
65 6267 1
66 9798 2
67 1219 2
68 8160 1
69 7261 5
70 7470 2
71 7445 1
72 5534 3
73 9743 5
74 7953 4
75 1768 3
76 5138 1
77 2418 3
78 8939 1
79 3701 2
80 6510 3
81 2665 4
82 6314 2
83 3659 1
84 5726 5
85 2766 4
86 9423 5
87 7918 3
88 5169 5
89 4071 5
90 8127 3
91 8225 5
92 7364 2
93 4465 1
94 4008 1
95 5118 4
96 1042 2
97 6294 2
98 8666 4
99 1548 1
23
7 16
16 15
13 6
13 10
16 20
3 2
17 10
6 15
22 0
16 3
1 20
3 19
8 15
19 6
22 0
5 15
3 9
22 13
14 9
21 4
11 13
19 6
21 14
1
89 77
6
78 35
49 19
94 59
2 16
92 36
23 37
1
40 59
