33
100
0 9852 5
1 3798 3
2 2964 4
3 8650 1
4 5077 3
5 5913 2
6 1094 5
7 1315 5
8 8756 5
9 3503 5
10 7024 3
11 3215 1
12 2719 5
13 8677 1
14 5105 4
15 4056 1
16 6879 5
17 9941 5
18 8731 1
19 3856 4
20 1011 4
21 6984 2
22 2354 3
23 6668 4
24 3003 2
25 2034 2
26 7356 1
27 3041 3
28 4640 3
29 6986 5
30 9551 2
31 2263 3
32 7290 5
33 4464 4
34 1261 2
35 9558 5
36 7949 3
37 9250 4
38 8001 5
39 4059 4
40 6724 4
41 6249 4
42 8361 1
43 1602 2
44 8170 1
45 5403 3
46 3130 2
47 5083 3
48 9017 5
49 2632 3
50 3838 2
51 8338 4
52 2776 4
53 9238 4
54 6817 1
55 1172 1
56 7528 2
57 3743 3
58 3138 2
59 7917 1
60 7688 4
61 4786 4
62 7191 2
63 1330 4
64 8023 2
65 4522 3
66 7941 1
67 6407 5
68 1878 2
69 6930 5
70 4266 2
71 6098 1
72 5407 5
73 2771 1
74 2644 1
75 8147 4
76 6404 1
77 8495 2
78 9998 1
79 6042 5
80 8716 1
81 7853 5
82 3870 2
83 1302 4
84 3293 4
85 7352 3
86 1218 4
87 7495 3
88 7014 5
89 1337 5
90 1446 1
91 3004 4
92 2260 4
93 3470 2
94 4466 5
95 7718 1
96 2229 1
97 4295 2
98 5620 2
99 6348 4
10
4 22
7 22
5 27
26 14
31 27
18 26
28 32
9 1
12 22
22 23
6
44 73
44 78
72 84
82 2
86 62
28 75
3
52 85
32 76
76 26
3
63 95
85 50
1 93
