46
100
0 7787 1
1 3156 2
2 3515 3
3 1633 2
4 1978 1
5 7809 1
6 4751 5
7 2986 1
8 6356 1
9 7455 3
10 1222 5
11 8937 2
12 3224 5
13 4310 2
14 2926 4
15 2422 5
16 6386 2
17 1164 4
18 8159 3
19 8422 5
20 4261 4
21 2275 1
22 1039 3
23 9763 5
24 4909 2
25 9807 1
26 3536 4
27 3568 2
28 4449 2
29 5939 4
30 7350 5
31 7598 5
32 8303 2
33 6698 3
34 1231 2
35 2300 2
36 1361 3
37 6606 5
38 9083 4
39 1754 5
40 3379 5
41 2953 4
42 8425 3
43 3452 3
44 8365 4
45 1317 1
46 2128 3
47 9794 5
48 4146 2
49 5874 2
50 3317 5
51 3963 5
52 3465 4
53 7841 2
54 4256 5
55 1553 3
56 4273 2
57 3167 2
58 9808 1
59 8917 3
60 6168 4
61 4555 4
62 5405 5
63 8849 1
64 7930 5
65 9039 3
66 1129 2
67 3493 1
68 2537 1
69 1333 3
70 1356 3
71 5523 1
72 6339 1
73 4519 4
74 3756 5
75 3022 2
76 8972 5
77 4488 5
78 9377 5
79 2736 5
80 4734 3
81 8680 4
82 6193 5
83 2708 2
84 5543 5
85 6577 4
86 7841 4
87 4942 4
88 3585 5
89 8199 1
90 4176 1
91 5678 5
92 9439 1
93 2638 1
94 1046 4
95 8630 5
96 5696 1
97 6439 1
98 5549 2
99 6762 3
9
16 8
6 13
15 8
40 2
31 26
3 31
45 31
28 1
15 40
2
68 80
73 44
4
61 6
63 2
30 87
98 71
2
43 91
55 85
