42
100
0 3626 4
1 8744 5
2 4752 4
3 3518 4
4 1103 4
5 1870 5
6 4459 1
7 2367 1
8 2511 2
9 3015 5
10 9899 3
11 5218 2
12 3561 2
13 7189 5
14 1604 2
15 5126 5
16 9974 1
17 2766 1
18 1682 4
19 5097 1
20 6856 4
21 8543 5
22 8359 1
23 5786 5
24 7096 5
25 6363 5
26 9363 3
27 4981 3
28 9577 2
29 8466 2
30 6851 1
31 6637 1
32 6391 2
33 6857 3
34 9313 5
35 7101 2
36 1858 5
37 2591 1
38 9021 3
39 9546 5
40 8117 2
41 3775 4
42 3136 4
43 2852 4
44 8324 5
45 9576 5
46 8307 5
47 3955 3
48 3972 1
49 8837 5
50 2081 4
51 3349 2
52 3343 2
53 5606 5
54 2541 1
55 7317 2
56 8224 1
57 8750 1
58 8489 3
59 6874 1
60 4730 5
61 7766 1
62 7835 1
63 4631 5
64 6036 5
65 7025 2
66 3174 4
67 4092 4
68 1025 5
69 2177 4
70 4247 3
71 8421 1
72 4429 2
73 9535 4
74 7829 4
75 8187 2
76 4686 1
77 1670 1
78 9021 5
79 3262 1
80 2142 3
81 7388 4
82 6731 5
83 3619 4
84 3727 4
85 5039 2
86 2608 5
87 8599 2
88 5793 4
89 6932 4
90 6052 5
91 7060 1
92 9153 5
93 2118 2
94 2875 4
95 3339 2
96 8444 5
97 6206 3
98 5625 4
99 3620 1
6
40 37
16 17
11 15
10 15
14 37
33 21
4
71 32
54 94
58 92
44 45
4
5 25
43 66
86 11
63 22
5
17 7
54 35
98 92
37 82
3 19
