32
100
0 9150 3
1 9005 4
2 4748 5
3 3483 1
4 4950 4
5 6623 5
6 5767 5
7 8979 4
8 4740 2
9 6595 3
10 8225 5
11 6722 3
12 2868 1
13 5349 3
14 9254 5
15 2508 4
16 2360 5
17 2497 5
18 1627 5
19 7420 2
20 7021 4
21 8891 4
22 9520 2
23 5177 1
24 2848 3
25 3609 1
26 1228 5
27 5189 5
28 5260 3
29 5845 1
30 1054 3
31 1655 2
32 6010 3
33 9867 5
34 5808 1
35 2432 4
36 9432 3
37 8516 5
38 6283 5
39 6773 3
40 1786 4
41 1478 1
42 8053 2
43 3922 2
44 1606 3
45 4315 5
46 5093 5
47 4080 5
48 7831 1
49 7160 1
50 3480 4
51 9791 3
52 4874 5
53 9117 5
54 6289 1
55 9227 3
56 9863 3
57 8425 4
58 2415 2
59 3708 3
60 9260 4
61 8449 1
62 7251 3
63 6507 3
64 3789 2
65 2345 2
66 4722 1
67 5291 4
68 6908 3
69 1710 1
70 2456 1
71 8390 5
72 7922 3
73 7113 4
74 2814 1
75 5922 1
76 3289 2
77 2254 1
78 9361 2
79 1229 5
80 7496 3
81 9018 4
82 8483 1
83 5373 4
84 5467 2
85 3854 2
86 5002 5
87 9472 3
88 6137 5
89 9953 1
90 4220 4
91 9112 5
92 8211 5
93 4720 2
94 1984 5
95 5186 3
96 5098 2
97 2547 5
98 7199 2
99 3189 4
18
21 22
30 21
26 7
12 11
23 28
20 6
26 13
24 19
20 23
7 3
12 1
10 7
29 16
26 20
27 24
3 7
4 13
31 1
6
14 4
87 34
1 99
97 67
84 77
51 16
3
65 56
41 66
75 2
6
95 20
43 84
37 76
18 65
16 98
45 98
