29
100
0 4214 2
1 1202 1
2 5582 1
3 5546 3
4 3243 2
5 6540 5
6 9779 5
7 1895 2
8 2041 4
9 8951 1
10 8266 3
11 2371 5
12 9665 2
13 6319 4
14 4703 4
15 8421 4
16 8919 5
17 6271 2
18 5364 4
19 3704 5
20 6576 2
21 4233 1
22 6662 5
23 8300 1
24 6386 1
25 9336 2
26 9008 1
27 8246 2
28 5537 3
29 3255 5
30 3267 3
31 7297 3
32 2095 4
33 8476 1
34 7729 2
35 9178 4
36 9629 5
37 9144 2
38 5775 1
39 6548 3
40 1531 2
41 9045 3
42 4182 1
43 6711 1
44 6509 3
45 2098 4
46 5803 3
47 8202 1
48 6073 3
49 8571 2
50 3813 2
51 8036 5
52 6486 2
53 4353 3
54 3032 1
55 3855 1
56 7763 3
57 7767 2
58 1044 1
59 5384 3
60 3345 3
61 8233 4
62 4964 3
63 5404 1
64 9154 5
65 7372 1
66 5771 4
67 6058 1
68 3503 5
69 3815 1
70 3021 5
71 1411 3
72 2452 2
73 5118 3
74 6701 1
75 2117 2
76 8546 4
77 5773 1
78 8571 2
79 2656 5
80 8935 4
81 2321 3
82 5224 3
83 6398 5
84 3830 1
85 2831 1
86 2881 2
87 2226 2
88 3982 4
89 8838 1
90 3762 1
91 2830 2
92 1368 3
93 3183 3
94 4145 2
95 2921 1
96 8799 5
97 1135 4
98 9298 4
99 4147 3
17
20 26
27 13
19 21
28 10
7 11
13 16
20 25
25 1
16 22
22 25
4 8
19 5
22 7
6 14
18 21
13 24
3 0
6
57 63
30 80
71 64
70 20
88 18
23 58
6
9 85
46 14
31 95
45 30
89 81
89 7
6
88 63
92 16
89 45
97 60
11 90
83 24
