25
100
0 8017 2
1 2802 1
2 8134 1
3 6050 3
4 9304 5
5 7381 5
6 8298 3
7 3654 1
8 5364 1
9 6160 4
10 5115 5
11 7799 4
12 3530 3
13 9058 2
14 6337 1
15 1326 2
16 2336 2
17 4669 5
18 9406 2
19 1393 5
20 6357 5
21 8332 1
22 6195 3
23 7965 3
24 6513 5
25 7088 5
26 1077 2
27 1024 2
28 1004 1
29 3528 4
30 7868 2
31 6601 4
32 4113 3
33 6223 1
34 4693 4
35 7598 5
36 7331 3
37 4910 5
38 1085 3
39 5158 1
40 2651 2
41 3557 5
42 7777 2
43 4222 5
44 1034 2
45 8975 3
46 5226 1
47 5783 1
48 8547 3
49 4232 4
50 8101 5
51 1738 3
52 2819 3
53 9039 1
54 7768 3
55 5243 2
56 3227 4
57 3204 2
58 4824 5
59 4312 3
60 8720 2
61 1882 3
62 9281 2
63 3246 4
64 6888 5
65 8895 4
66 4256 5
67 1783 3
68 8241 3
69 3465 1
70 9620 3
71 8614 5
72 5309 3
73 4497 4
74 8508 4
75 5583 3
76 6884 1
77 2386 3
78 1727 4
79 7043 5
80 6299 3
81 2457 3
82 2867 5
83 3564 5
84 1043 2
85 2350 4
86 6792 5
87 9165 1
88 7037 4
89 1736 3
90 2681 5
91 9215 1
92 2827 1
93 8645 3
94 5236 2
95 9540 3
96 5031 5
97 7615 3
98 1451 4
99 2434 5
25
0 24
1 4
5 1
2 14
21 13
16 10
9 10
9 21
5 4
20 3
20 22
2 16
17 14
1 5
20 14
0 5
4 8
9 15
20 19
10 8
15 17
16 24
23 11
9 10
17 11
6
86 1
61 1
60 42
43 13
60 22
64 1
4
84 64
80 49
77 53
28 37
5
23 24
97 36
56 90
68 56
60 42
