36
100
0 8086 1
1 1367 4
2 4999 1
3 7943 3
4 1748 5
5 1132 2
6 4736 1
7 2599 3
8 5453 2
9 3275 1
10 4557 1
11 5057 3
12 4597 2
13 2043 1
14 7164 3
15 5883 3
16 8565 1
17 9659 5
18 4520 1
19 3888 3
20 5138 5
21 4643 2
22 1405 5
23 7858 4
24 4672 3
25 2642 5
26 2543 3
27 8111 2
28 1817 4
29 8739 4
30 1037 2
31 7232 5
32 5647 3
33 9188 4
34 2743 3
35 1774 3
36 3336 2
37 8705 5
38 4834 4
39 5157 1
40 9867 3
41 3227 2
42 1958 2
43 9062 2
44 3985 5
45 4153 3
46 3240 1
47 8644 4
48 6259 3
49 3360 4
50 9907 1
51 8049 2
52 6887 3
53 3109 2
54 9536 5
55 8870 1
56 5347 4
57 7630 5
58 5715 4
59 3507 5
60 4047 1
61 9230 5
62 4501 2
63 4896 5
64 8744 5
65 9777 1
66 3371 4
67 1722 1
68 1363 4
69 4970 4
70 5142 2
71 6389 3
72 1009 3
73 8479 4
74 1563 4
75 7010 2
76 5419 5
77 7629 3
78 4895 3
79 3728 1
80 2106 3
81 5055 4
82 5929 3
83 3392 3
84 4174 3
85 4217 2
86 7865 2
87 5537 5
88 2616 5
89 3695 5
90 3940 4
91 7447 1
92 8521 2
93 2917 3
94 1551 5
95 5766 1
96 9794 4
97 8474 1
98 3447 1
99 8660 5
35
35 29
1 23
32 1
3 25
20 30
18 6
11 21
14 0
17 35
11 16
0 30
34 26
35 3
33 23
13 2
16 20
22 30
0 20
22 34
26 7
3 29
24 0
14 1
23 14
13 29
20 3
29 12
20 23
5 10
14 16
2 11
22 3
30 35
11 24
18 12
6
8 43
8 29
92 82
79 12
46 96
53 90
4
52 85
68 4
12 32
34 12
5
52 64
38 18
45 16
31 41
51 6
