25
100
0 4403 4
1 8610 5
2 4637 5
3 8129 2
4 8795 2
5 1937 1
6 8334 1
7 2338 3
8 9778 1
9 1247 3
10 5270 2
11 2906 1
12 8837 2
13 6263 4
14 5692 1
15 9424 2
16 8281 5
17 2071 3
18 9581 2
19 6860 4
20 2645 2
21 3747 2
22 4158 1
23 2078 4
24 8360 2
25 3929 3
26 1771 5
27 7737 4
28 3756 4
29 5596 5
30 2381 1
31 6070 3
32 5164 4
33 1914 1
34 9879 3
35 5848 4
36 2891 5
37 8443 4
38 4528 4
39 5941 5
40 8287 3
41 2884 1
42 6717 1
43 3037 4
44 8944 3
45 1961 1
46 2165 4
47 2513 5
48 6135 2
49 4718 5
50 4684 4
51 5198 1
52 2358 1
53 2462 5
54 5636 5
55 4448 4
56 4716 5
57 9021 4
58 5785 5
59 8955 4
60 2609 4
61 9686 4
62 7807 4
63 4435 2
64 3894 3
65 4932 4
66 3047 4
67 4629 5
68 4537 3
69 9149 3
70 5087 2
71 7950 2
72 8721 5
73 3501 5
74 7824 4
75 5827 1
76 6076 1
77 1195 4
78 6196 3
79 8006 1
80 6439 4
81 1431 3
82 5484 3
83 5632 1
84 2871 5
85 8079 3
86 2858 5
87 7658 3
88 5314 2
89 1144 5
90 5020 1
91 4954 2
92 2974 4
93 3029 4
94 1099 2
95 6998 3
96 4405 1
97 5889 3
98 8130 2
99 7919 5
4
5 12
24 2
12 5
7 12
4
92 37
22 0
74 14
34 78
4
33 17
80 60
65 63
84 77
1
46 95
