28
100
0 7011 4
1 8914 2
2 9951 5
3 1470 2
4 5990 2
5 2749 4
6 9829 5
7 9491 2
8 5542 3
9 8845 5
10 2539 5
11 9300 3
12 9337 2
13 6940 1
14 7237 5
15 8717 2
16 6569 2
17 4830 1
18 7421 2
19 6716 4
20 6181 3
21 5000 2
22 2666 1
23 1423 1
24 4840 5
25 4735 2
26 5571 5
27 2517 2
28 4031 5
29 7753 2
30 7695 2
31 2409 3
32 3096 5
33 1793 3
34 2927 5
35 4971 2
36 6009 5
37 1531 4
38 5299 5
39 9975 5
40 6918 4
41 8168 1
42 9770 2
43 9433 1
44 2314 5
45 6501 1
46 7463 2
47 3869 1
48 9563 4
49 6908 3
50 1332 4
51 5335 1
52 9167 1
53 7887 4
54 8210 5
55 8106 2
56 8624 4
57 2623 2
58 4647 4
59 2732 4
60 1175 5
61 7395 3
62 7655 3
63 1021 4
64 7809 2
65 6639 4
66 1538 3
67 7111 1
68 6697 4
69 1135 2
70 2301 5
71 6752 5
72 8046 3
73 7319 5
74 4299 1
75 7114 1
76 3920 3
77 4267 5
78 8595 1
79 8899 1
80 8159 5
81 1135 5
82 6262 4
83 6262 3
84 2362 5
85 1177 4
86 8188 2
87 5796 1
88 3543 2
89 8565 2
90 8970 5
91 2681 2
92 7953 2
93 5800 4
94 5749 2
95 9307 4
96 7030 5
97 4558 2
98 7188 5
99 1662 3
2
10 16
14 8
1
75 96
3
84 64
38 82
92 50
5
77 62
45 85
8 47
45 77
63 60
