8
100
0 8903 2
1 1382 3
2 8046 5
3 5972 2
4 2691 3
5 4420 5
6 8869 1
7 1568 5
8 1845 2
9 9648 5
10 9437 3
11 8368 3
12 4401 1
13 8250 4
14 1404 3
15 8366 1
16 1767 2
17 7984 3
18 4489 4
19 8071 3
20 7920 3
21 7260 4
22 5450 4
23 1018 1
24 9745 4
25 8229 3
26 1378 4
27 3499 4
28 2032 5
29 2803 3
30 4971 3
31 5641 1
32 4782 3
33 3236 4
34 3158 1
35 6002 5
36 1004 4
37 2674 3
38 4995 1
39 7179 3
40 3004 1
41 5392 2
42 9112 1
43 6803 4
44 3473 4
45 5451 4
46 5367 4
47 3223 3
48 1026 3
49 1398 2
50 9476 2
51 1810 2
52 3508 3
53 9709 4
54 9167 1
55 6271 4
56 2830 1
57 1155 1
58 9133 2
59 9746 4
60 1307 2
61 6626 4
62 9507 1
63 6649 5
64 2288 4
65 6375 5
66 4171 4
67 3211 4
68 4806 4
69 3038 2
70 1130 5
71 7689 5
72 6369 2
73 2210 1
74 7946 5
75 3408 1
76 2270 1
77 7123 2
78 3798 5
79 5423 4
80 8608 3
81 9958 2
82 7036 4
83 2946 4
84 4437 2
85 4115 4
86 7082 2
87 3138 3
88 2860 4
89 7683 5
90 2525 3
91 7882 2
92 1392 4
93 2192 5
94 8734 4
95 2889 2
96 4895 4
97 9878 1
98 3113 1
99 4014 5
0
4
35 44
25 95
83 22
45 41
1
27 93
5
24 69
8 11
0 83
28 82
3 85
