10
100
0 1730 1
1 4788 3
2 3376 3
3 7569 1
4 5608 2
5 7496 2
6 2972 3
7 1474 4
8 7645 5
9 9863 4
10 2332 3
11 6689 3
12 1123 3
13 7898 5
14 2674 4
15 7143 2
16 1448 4
17 9866 1
18 6162 5
19 3038 3
20 2454 1
21 6254 2
22 7268 5
23 9104 2
24 9054 4
25 9846 3
26 4448 5
27 4915 1
28 7334 2
29 7295 1
30 7477 4
31 6611 3
32 1979 1
33 3343 4
34 8152 2
35 9282 3
36 9822 1
37 5589 5
38 8668 1
39 8049 3
40 3070 4
41 6903 4
42 1073 3
43 2544 3
44 7335 5
45 9564 4
46 8597 3
47 9846 2
48 3740 3
49 9611 2
50 7872 5
51 4749 3
52 6465 1
53 9206 1
54 4442 4
55 5509 2
56 8368 3
57 7735 1
58 9652 2
59 7899 4
60 2806 3
61 2900 4
62 6910 4
63 6059 2
64 7355 5
65 8322 4
66 1522 2
67 7042 1
68 6347 4
69 7263 5
70 5421 5
71 4178 4
72 8778 4
73 8134 5
74 2084 1
75 9288 3
76 8938 3
77 9992 2
78 3610 4
79 5766 2
80 3151 1
81 7759 3
82 3759 1
83 5203 5
84 8380 5
85 6445 1
86 5886 1
87 7281 3
88 9138 5
89 8323 4
90 7477 4
91 4328 1
92 9835 1
93 6563 5
94 6301 1
95 1553 1
96 6551 3
97 4509 5
98 1232 4
99 3287 3
2
7 3
8 5
5
69 93
65 54
56 98
40 8
17 58
5
65 64
32 45
38 22
32 81
68 13
5
72 78
92 33
39 5
2 27
64 32
