10
100
0 5075 1
1 1688 1
2 3754 2
3 7025 2
4 7908 1
5 8212 4
6 6429 5
7 2693 1
8 3625 1
9 2139 5
10 5877 2
11 8689 3
12 3685 1
13 3409 5
14 6385 5
15 6531 3
16 7287 5
17 6754 1
18 5358 5
19 8668 2
20 9334 5
21 9362 3
22 9531 4
23 5144 4
24 2017 4
25 3175 2
26 1065 2
27 1849 1
28 5825 1
29 2311 4
30 4477 1
31 1644 3
32 7469 1
33 9105 5
34 9247 2
35 2905 3
36 3751 5
37 2707 1
38 2692 4
39 8241 5
40 4674 1
41 4002 3
42 3766 3
43 5258 2
44 7131 5
45 1998 5
46 5641 1
47 8407 2
48 6049 3
49 9548 3
50 9101 1
51 7634 2
52 8295 3
53 9963 1
54 5879 5
55 9874 1
56 4186 5
57 4834 3
58 3656 1
59 2278 2
60 9386 2
61 3712 4
62 3983 2
63 6713 2
64 2146 3
65 7098 2
66 8481 2
67 8565 3
68 9526 3
69 8564 2
70 1183 2
71 1859 1
72 2440 2
73 1277 5
74 9083 5
75 5471 4
76 2121 2
77 3600 2
78 3833 1
79 1188 3
80 5761 3
81 9313 4
82 8660 1
83 5146 1
84 9418 2
85 1818 4
86 9540 4
87 8820 1
88 4293 4
89 6838 3
90 9309 3
91 1852 5
92 7822 4
93 1196 2
94 4857 5
95 9961 5
96 6586 3
97 4414 5
98 4011 3
99 7500 4
2
7 3
5 9
3
88 74
47 41
94 48
3
93 15
92 19
5 76
4
19 96
84 2
7 61
5 87
