6
100
0 8594 5
1 7829 5
2 6599 3
3 4476 1
4 6877 2
5 1296 1
6 6871 4
7 3114 3
8 3628 5
9 8856 4
10 5021 3
11 9456 1
12 1523 3
13 2095 1
14 5325 5
15 9558 2
16 7341 1
17 1319 5
18 2864 5
19 1946 1
20 9315 3
21 3418 1
22 1387 5
23 2644 5
24 3896 2
25 8039 1
26 5525 1
27 3570 5
28 6836 1
29 1047 3
30 2985 5
31 6313 3
32 4596 4
33 4425 1
34 1682 2
35 2372 5
36 3274 5
37 5841 3
38 6742 4
39 3551 5
40 2598 2
41 9213 1
42 7470 5
43 3012 5
44 8686 5
45 3244 2
46 2118 3
47 2684 4
48 5510 4
49 9043 2
50 9281 4
51 1614 2
52 7154 1
53 7700 5
54 8299 1
55 9765 1
56 3226 1
57 3227 5
58 2119 3
59 8917 4
60 3814 5
61 8546 4
62 8302 1
63 1219 5
64 2085 3
65 5027 1
66 1194 3
67 2567 4
68 5882 4
69 5818 5
70 2884 3
71 7936 1
72 6686 4
73 8443 2
74 4156 3
75 5049 5
76 1523 5
77 7052 1
78 6232 2
79 1989 4
80 8089 1
81 5521 2
82 4102 4
83 6071 2
84 3006 3
85 6704 5
86 7444 2
87 3538 2
88 6242 2
89 2268 3
90 7134 1
91 2740 4
92 1278 5
93 2021 1
94 9543 3
95 7766 2
96 3186 2
97 3503 5
98 3696 1
99 6682 5
0
4
97 13
11 73
29 22
28 46
4
58 20
41 32
35 82
88 56
1
61 38
